
 fit metrics (weighted and unweighted): NaN

 parameters: 
 -8.51303  -7.06556   0.28526   1.47612   0.79832  12.98442
  0.18048   3.84673   0.80355  -0.63445   7.83737  -9.55204
  
 moments: 
 0.395  0.034 -0.032 -0.054 -0.028 10.665  0.826  0.328  0.063  1.459
   NaN    NaN    NaN    NaN    NaN    NaN    NaN  0.000  0.000    NaN
  
 0.000 -1.881 -0.054  0.971  0.000  0.323  0.000  0.000  0.976  0.000
 0.000  0.000  0.000    NaN    NaN    NaN    NaN  1.587  0.918  0.498
  
-0.719 -0.818  0.312 -1.132  2.451 -0.708  0.000  0.000  0.000  0.000
   NaN  0.000  0.000  0.000  0.000  0.000  0.000  0.000  0.000  0.000
  
 0.000  0.000  0.413  0.093  0.091 -0.060  0.127  0.102
 0.000  0.000    NaN  0.000    NaN  0.000  0.000  0.000
  
 fit metrics (weighted and unweighted): NaN

 parameters: 
 -4.04892  -6.68295   0.27190   1.38181   0.93875   9.50005
  0.28249   2.43213   0.76555  -0.28123   5.06572 -10.95991
  
 moments: 
 0.395  0.034 -0.032 -0.054 -0.028 10.665  0.826  0.328  0.063  1.459
   NaN    NaN    NaN    NaN    NaN    NaN    NaN  0.000  0.000    NaN
  
 0.000 -1.881 -0.054  0.971  0.000  0.323  0.000  0.000  0.976  0.000
 0.000  0.000  0.000    NaN    NaN    NaN    NaN  2.223  0.864  0.633
  
-0.719 -0.818  0.312 -1.132  2.451 -0.708  0.000  0.000  0.000  0.000
   NaN  0.000  0.000  0.000  0.000  0.000  0.000  0.000  0.000  0.000
  
 0.000  0.000  0.413  0.093  0.091 -0.060  0.127  0.102
 0.000  0.000    NaN  0.000    NaN  0.000  0.000  0.000
  
 fit metrics (weighted and unweighted): NaN

 parameters: 
 -6.14298  -4.43406   0.13873   1.99688   1.23569  13.18246
  0.30213   4.72539   0.99759  -0.40981  10.90464 -13.11703
  
 moments: 
 0.395  0.034 -0.032 -0.054 -0.028 10.665  0.826  0.328  0.063  1.459
   NaN    NaN    NaN    NaN    NaN    NaN    NaN  0.000  0.000    NaN
  
 0.000 -1.881 -0.054  0.971  0.000  0.323  0.000  0.000  0.976  0.000
 0.000  0.000  0.000    NaN    NaN    NaN    NaN  4.470  0.833  1.899
  
-0.719 -0.818  0.312 -1.132  2.451 -0.708  0.000  0.000  0.000  0.000
   NaN  0.000  0.000  0.000  0.000  0.000  0.000  0.000  0.000  0.000
  
 0.000  0.000  0.413  0.093  0.091 -0.060  0.127  0.102
 0.000  0.000    NaN  0.000    NaN  0.000  0.000  0.000
  
 fit metrics (weighted and unweighted): 13.9393637208

 parameters: 
 -3.60529  -3.87941   0.23156   2.46487   1.88176  15.42634
  0.38246  11.72211   1.88618  -1.21819  13.00238  -6.13506
  
 moments: 
 0.395  0.034 -0.032 -0.054 -0.028 10.665  0.826  0.328  0.063  1.459
 0.203 -0.215 -0.032 -0.212  0.076 17.449  0.946 -0.114 -0.078  0.288
  
 0.000 -1.881 -0.054  0.971  0.000  0.323  0.000  0.000  0.976  0.000
-1.091  0.941 -0.402  1.505 13.257  1.199  4.862 12.761  0.601  9.083
  
-0.719 -0.818  0.312 -1.132  2.451 -0.708  0.000  0.000  0.000  0.000
 4.108  0.734 -0.040 -2.540 -6.253  1.154  0.000  0.000  0.000  0.000
  
 0.000  0.000  0.413  0.093  0.091 -0.060  0.127  0.102
 0.000  0.000  0.558  0.044  0.039 -0.009  0.160  0.860
  
 fit metrics (weighted and unweighted): 12.9032426143

 parameters: 
 -1.99763  -4.21250   0.22394   3.39238   2.81998   8.17204
  0.51151   8.70462   1.33737  -1.62834  14.99651  -3.09897
  
 moments: 
 0.395  0.034 -0.032 -0.054 -0.028 10.665  0.826  0.328  0.063  1.459
 0.190 -0.213 -0.016 -0.141  0.022 12.802  0.858  0.149  0.061  0.700
  
 0.000 -1.881 -0.054  0.971  0.000  0.323  0.000  0.000  0.976  0.000
-0.853  1.263 -0.428  0.674 12.498  0.761  2.572  7.508  0.671  7.238
  
-0.719 -0.818  0.312 -1.132  2.451 -0.708  0.000  0.000  0.000  0.000
-0.842 -0.249 -0.083 -1.472 -3.000  2.000  0.000  0.000  0.000  0.000
  
 0.000  0.000  0.413  0.093  0.091 -0.060  0.127  0.102
 0.000  0.000  0.532  0.053  0.049 -0.015  0.459  0.325
  
 fit metrics (weighted and unweighted): 13.6160830919

 parameters: 
 -4.82846  -5.19894   0.30544   2.32318   1.26799  15.31218
  0.26936  12.37681   1.03203  -1.78026  11.19280  -6.29601
  
 moments: 
 0.395  0.034 -0.032 -0.054 -0.028 10.665  0.826  0.328  0.063  1.459
 0.211 -0.185 -0.061 -0.100  0.036  6.404  0.889  0.661 -0.014  0.784
  
 0.000 -1.881 -0.054  0.971  0.000  0.323  0.000  0.000  0.976  0.000
-0.756  1.322 -0.437  1.490  7.566  0.444  0.878  6.241  0.417  6.983
  
-0.719 -0.818  0.312 -1.132  2.451 -0.708  0.000  0.000  0.000  0.000
-2.112  0.335 -0.194 -1.589 -0.751  1.125  0.000  0.000  0.000  0.000
  
 0.000  0.000  0.413  0.093  0.091 -0.060  0.127  0.102
 0.000  0.000  0.748  0.080  0.060 -0.019  0.116  0.739
  
 fit metrics (weighted and unweighted): NaN

 parameters: 
 -3.48420  -3.26264   0.14855   3.14277   1.96269  15.54572
  0.45092  15.20387   1.28125  -1.14992  15.57328  -8.64579
  
 moments: 
 0.395  0.034 -0.032 -0.054 -0.028 10.665  0.826  0.328  0.063  1.459
 0.250    NaN    NaN    NaN    NaN  6.841 -0.229 -3.798 -3.470  0.000
  
 0.000 -1.881 -0.054  0.971  0.000  0.323  0.000  0.000  0.976  0.000
-0.727  1.327 -0.438  1.039  8.903  1.000 456.070 11.462  0.311 12.247
  
-0.719 -0.818  0.312 -1.132  2.451 -0.708  0.000  0.000  0.000  0.000
   NaN  0.000  0.000  0.000  0.000  0.000  0.000  0.000  0.000  0.000
  
 0.000  0.000  0.413  0.093  0.091 -0.060  0.127  0.102
 0.000  0.000    NaN  0.000    NaN  0.000  0.000  0.002
  
 fit metrics (weighted and unweighted): 12.8008267309

 parameters: 
 -2.29649  -4.91741   0.29113   2.17476   1.49105  11.20315
  0.42161   7.82536   0.98323  -0.78913   7.23452  -7.22397
  
 moments: 
 0.395  0.034 -0.032 -0.054 -0.028 10.665  0.826  0.328  0.063  1.459
 0.202 -0.221 -0.055 -0.121  0.029  5.195  0.613  0.150  0.028  0.604
  
 0.000 -1.881 -0.054  0.971  0.000  0.323  0.000  0.000  0.976  0.000
-0.991  1.039 -0.397  1.050  5.470  0.464  1.668  5.302  0.681  3.256
  
-0.719 -0.818  0.312 -1.132  2.451 -0.708  0.000  0.000  0.000  0.000
-1.070 -0.270 -0.035  1.469 -4.355  1.332  0.000  0.000  0.000  0.000
  
 0.000  0.000  0.413  0.093  0.091 -0.060  0.127  0.102
 0.000  0.000  0.619  0.073  0.054 -0.017  0.063  0.191
  
 fit metrics (weighted and unweighted): 13.5541565919

 parameters: 
 -4.81547  -3.42587   0.13572   2.26464   0.95615  21.88791
  0.33864   8.52310   1.41501  -0.80471   9.31670  -4.94626
  
 moments: 
 0.395  0.034 -0.032 -0.054 -0.028 10.665  0.826  0.328  0.063  1.459
 0.221 -0.247 -0.032 -0.212  0.067 13.228  0.961  0.057 -0.043  0.295
  
 0.000 -1.881 -0.054  0.971  0.000  0.323  0.000  0.000  0.976  0.000
-1.605  1.292 -0.573  2.030  9.757  0.992  3.187  9.737  0.668  4.864
  
-0.719 -0.818  0.312 -1.132  2.451 -0.708  0.000  0.000  0.000  0.000
 2.982  0.560 -0.017  1.933 -8.258  0.713  0.000  0.000  0.000  0.000
  
 0.000  0.000  0.413  0.093  0.091 -0.060  0.127  0.102
 0.000  0.000  0.535  0.056  0.044 -0.007  0.157  0.729
  
 fit metrics (weighted and unweighted): NaN

 parameters: 
 -2.10420  -5.48450   0.17643   3.41042   1.66362  20.98412
  0.46305   7.42697   1.06586  -0.62000  17.47238  -4.18353
  
 moments: 
 0.395  0.034 -0.032 -0.054 -0.028 10.665  0.826  0.328  0.063  1.459
 1.000    NaN    NaN    NaN    NaN  9.333  0.000  0.000  0.000  1.776
  
 0.000 -1.881 -0.054  0.971  0.000  0.323  0.000  0.000  0.976  0.000
-0.727  1.327 -0.438  0.896  9.333 -4.000 24.388  6.822  0.658  2.766
  
-0.719 -0.818  0.312 -1.132  2.451 -0.708  0.000  0.000  0.000  0.000
   NaN  0.000  0.000  0.000  0.000  0.000  0.000  0.000  0.000  0.000
  
 0.000  0.000  0.413  0.093  0.091 -0.060  0.127  0.102
 0.000  0.000    NaN  0.000    NaN  0.000  0.000  0.000
  
 fit metrics (weighted and unweighted): 13.201022669

 parameters: 
 -4.10320  -3.88628   0.23683   2.28374   2.09762  19.05504
  0.53365   6.34978   1.95536  -1.36777  16.84268  -6.82084
  
 moments: 
 0.395  0.034 -0.032 -0.054 -0.028 10.665  0.826  0.328  0.063  1.459
 0.217 -0.316 -0.057 -0.200  0.062 18.211  0.908  0.032 -0.022  0.365
  
 0.000 -1.881 -0.054  0.971  0.000  0.323  0.000  0.000  0.976  0.000
-0.926  1.152 -0.423  1.840 16.159  1.002  3.998  9.796  0.705  7.705
  
-0.719 -0.818  0.312 -1.132  2.451 -0.708  0.000  0.000  0.000  0.000
 1.388  0.441 -0.055 -2.368 -1.250  1.101  0.000  0.000  0.000  0.000
  
 0.000  0.000  0.413  0.093  0.091 -0.060  0.127  0.102
 0.000  0.000  0.641  0.072  0.041 -0.010  0.083  0.048
  
 fit metrics (weighted and unweighted): NaN

 parameters: 
 -3.38053  -5.02371   0.13117   1.31845   1.71972  11.52599
  0.27403   7.40263   1.10417  -1.24459  14.89045  -5.33278
  
 moments: 
 0.395  0.034 -0.032 -0.054 -0.028 10.665  0.826  0.328  0.063  1.459
 0.267    NaN    NaN    NaN    NaN  7.000  0.932 -0.557 -0.356  0.167
  
 0.000 -1.881 -0.054  0.971  0.000  0.323  0.000  0.000  0.976  0.000
-0.727  1.327 -0.438  1.112  8.868  0.630  0.093  5.960  0.693  4.138
  
-0.719 -0.818  0.312 -1.132  2.451 -0.708  0.000  0.000  0.000  0.000
   NaN  0.000  0.000  0.000  0.000  0.000  0.000  0.000  0.000  0.000
  
 0.000  0.000  0.413  0.093  0.091 -0.060  0.127  0.102
 0.000  0.000    NaN  0.000    NaN  0.000  0.009  0.001
  
 fit metrics (weighted and unweighted): NaN

 parameters: 
 -2.44563  -2.31939   0.28805   1.29280   2.10141  12.57530
  0.26493  10.92484   1.07730  -0.65241  15.64731  -8.00610
  
 moments: 
 0.395  0.034 -0.032 -0.054 -0.028 10.665  0.826  0.328  0.063  1.459
   NaN    NaN    NaN    NaN    NaN    NaN    NaN  0.000  0.000    NaN
  
 0.000 -1.881 -0.054  0.971  0.000  0.323  0.000  0.000  0.976  0.000
 0.000  0.000  0.000    NaN    NaN    NaN    NaN  8.187  0.586  6.399
  
-0.719 -0.818  0.312 -1.132  2.451 -0.708  0.000  0.000  0.000  0.000
   NaN  0.000  0.000  0.000  0.000  0.000  0.000  0.000  0.000  0.000
  
 0.000  0.000  0.413  0.093  0.091 -0.060  0.127  0.102
 0.000  0.000    NaN  0.000    NaN  0.000  0.000  0.000
  
 fit metrics (weighted and unweighted): 13.0397138537

 parameters: 
 -3.01290  -3.51150   0.28037   2.40614   1.43880  20.06124
  0.20407   6.13289   1.76712  -1.80188  16.61778  -4.71260
  
 moments: 
 0.395  0.034 -0.032 -0.054 -0.028 10.665  0.826  0.328  0.063  1.459
 0.217 -0.349 -0.046 -0.216  0.067 17.915  0.925  0.130 -0.018  0.415
  
 0.000 -1.881 -0.054  0.971  0.000  0.323  0.000  0.000  0.976  0.000
-1.007  1.108 -0.413  1.909 15.612  1.004  3.902  9.181  0.750  5.524
  
-0.719 -0.818  0.312 -1.132  2.451 -0.708  0.000  0.000  0.000  0.000
 0.887  0.256 -0.038 -1.297 -2.559  1.084  0.000  0.000  0.000  0.000
  
 0.000  0.000  0.413  0.093  0.091 -0.060  0.127  0.102
 0.000  0.000  0.628  0.065  0.044 -0.010  0.205  0.059
  
 fit metrics (weighted and unweighted): 13.3027685954

 parameters: 
 -3.20050  -3.66303   0.21887   1.93039   2.02371  21.43503
  0.36255  12.66306   1.48521  -1.27987  16.15649  -4.57192
  
 moments: 
 0.395  0.034 -0.032 -0.054 -0.028 10.665  0.826  0.328  0.063  1.459
 0.237 -0.321 -0.057 -0.167  0.034 14.494  0.918  0.563  0.019  0.651
  
 0.000 -1.881 -0.054  0.971  0.000  0.323  0.000  0.000  0.976  0.000
-0.835  1.271 -0.431  1.981 14.225  0.680  2.664 12.058  0.525  7.301
  
-0.719 -0.818  0.312 -1.132  2.451 -0.708  0.000  0.000  0.000  0.000
-0.735 -0.427 -0.052  2.337 -7.110  1.873  0.000  0.000  0.000  0.000
  
 0.000  0.000  0.413  0.093  0.091 -0.060  0.127  0.102
 0.000  0.000  0.582  0.084  0.057 -0.015  0.160  0.509
  
 fit metrics (weighted and unweighted): 14.2307662368

 parameters: 
 -2.73048  -4.42662   0.12549   3.09873   2.31134  21.53901
  0.43787   8.97030   2.49650  -1.21472  16.49599  -8.65536
  
 moments: 
 0.395  0.034 -0.032 -0.054 -0.028 10.665  0.826  0.328  0.063  1.459
 0.225 -0.205 -0.072 -0.199  0.078 23.202  0.940 -0.028 -0.069  0.246
  
 0.000 -1.881 -0.054  0.971  0.000  0.323  0.000  0.000  0.976  0.000
-0.788  0.622 -0.356  1.999 18.315  1.354  5.600 13.586  0.677 11.139
  
-0.719 -0.818  0.312 -1.132  2.451 -0.708  0.000  0.000  0.000  0.000
 5.621  1.264 -0.088 -0.284 -19.884  1.986  0.000  0.000  0.000  0.000
  
 0.000  0.000  0.413  0.093  0.091 -0.060  0.127  0.102
 0.000  0.000  0.441  0.063  0.025 -0.009  0.086  0.158
  
 fit metrics (weighted and unweighted): 14.2856651557

 parameters: 
 -4.04389  -3.27480   0.28366   3.12332   1.91456   8.44023
  0.48737   7.04242   2.69497  -0.77345  18.60540  -8.46016
  
 moments: 
 0.395  0.034 -0.032 -0.054 -0.028 10.665  0.826  0.328  0.063  1.459
 0.166 -0.150 -0.034 -0.182  0.043 24.470  0.916 -0.243 -0.057  0.222
  
 0.000 -1.881 -0.054  0.971  0.000  0.323  0.000  0.000  0.976  0.000
-0.990  1.073 -0.434  0.727 19.956  1.459  5.998 11.445  0.722 17.141
  
-0.719 -0.818  0.312 -1.132  2.451 -0.708  0.000  0.000  0.000  0.000
 6.059  1.622 -0.107 -2.593 -10.822  1.664  0.000  0.000  0.000  0.000
  
 0.000  0.000  0.413  0.093  0.091 -0.060  0.127  0.102
 0.000  0.000  0.586  0.046  0.037 -0.010  0.094  0.073
  
 fit metrics (weighted and unweighted): NaN

 parameters: 
 -4.81547  -3.26264   0.13572   2.26464   1.96269  21.88791
  0.33864  15.20387   1.41501  -1.14992  15.57328  -8.64579
  
 moments: 
 0.395  0.034 -0.032 -0.054 -0.028 10.665  0.826  0.328  0.063  1.459
 0.375    NaN    NaN    NaN    NaN  5.915  0.923 -0.830 -0.843  0.045
  
 0.000 -1.881 -0.054  0.971  0.000  0.323  0.000  0.000  0.976  0.000
-0.727  1.327 -0.438  1.945 11.049 -0.107  0.009 13.653  0.374  9.362
  
-0.719 -0.818  0.312 -1.132  2.451 -0.708  0.000  0.000  0.000  0.000
   NaN  0.000  0.000  0.000  0.000  0.000  0.000  0.000  0.000  0.000
  
 0.000  0.000  0.413  0.093  0.091 -0.060  0.127  0.102
 0.000  0.000    NaN  0.000    NaN  0.000  0.000  0.002
  
 fit metrics (weighted and unweighted): 13.2909766127

 parameters: 
 -1.99763  -5.48450   0.17643   3.41042   2.81998  20.98412
  0.51151   8.70462   1.06586  -1.62834  14.99651  -3.09897
  
 moments: 
 0.395  0.034 -0.032 -0.054 -0.028 10.665  0.826  0.328  0.063  1.459
 0.238 -0.283 -0.038 -0.152  0.006  9.819  0.927  1.185 -0.022  0.901
  
 0.000 -1.881 -0.054  0.971  0.000  0.323  0.000  0.000  0.976  0.000
-0.742  1.326 -0.438  1.947 11.428  0.511  1.337  7.139  0.592  3.350
  
-0.719 -0.818  0.312 -1.132  2.451 -0.708  0.000  0.000  0.000  0.000
-1.952 -1.202  0.070  0.603 -3.444  1.968  0.000  0.000  0.000  0.000
  
 0.000  0.000  0.413  0.093  0.091 -0.060  0.127  0.102
 0.000  0.000  0.689  0.087  0.051 -0.014  0.496  0.139
  
 fit metrics (weighted and unweighted): 12.8008267309

 parameters: 
 -2.29649  -4.91741   0.29113   2.17476   1.49105  11.20315
  0.42161   7.82536   0.98323  -0.78913   7.23452  -7.22397
  
 moments: 
 0.395  0.034 -0.032 -0.054 -0.028 10.665  0.826  0.328  0.063  1.459
 0.202 -0.221 -0.055 -0.121  0.029  5.195  0.613  0.150  0.028  0.604
  
 0.000 -1.881 -0.054  0.971  0.000  0.323  0.000  0.000  0.976  0.000
-0.991  1.039 -0.397  1.050  5.470  0.464  1.668  5.302  0.681  3.256
  
-0.719 -0.818  0.312 -1.132  2.451 -0.708  0.000  0.000  0.000  0.000
-1.070 -0.270 -0.035  1.469 -4.355  1.332  0.000  0.000  0.000  0.000
  
 0.000  0.000  0.413  0.093  0.091 -0.060  0.127  0.102
 0.000  0.000  0.619  0.073  0.054 -0.017  0.063  0.191
  
 fit metrics (weighted and unweighted): 13.4956155236

 parameters: 
 -3.20050  -3.66303   0.21887   3.12332   2.02371   8.44023
  0.36255  12.66306   1.48521  -0.77345  18.60540  -4.57192
  
 moments: 
 0.395  0.034 -0.032 -0.054 -0.028 10.665  0.826  0.328  0.063  1.459
 0.262  0.180 -0.147 -0.014  0.038 13.449  0.676  0.473  0.074  0.275
  
 0.000 -1.881 -0.054  0.971  0.000  0.323  0.000  0.000  0.976  0.000
-0.732  1.327 -0.438  0.748 13.877  0.144  0.562 10.404  0.553 14.578
  
-0.719 -0.818  0.312 -1.132  2.451 -0.708  0.000  0.000  0.000  0.000
-2.500  3.156 -3.729  0.000  6.952  0.000  0.000  0.000  0.000  0.000
  
 0.000  0.000  0.413  0.093  0.091 -0.060  0.127  0.102
 0.000  0.000  0.646  0.617  0.033 -0.017  0.048  0.005
  
 fit metrics (weighted and unweighted): 13.3850572924

 parameters: 
 -2.89515  -4.52209   0.22049   2.02627   1.61270   7.52243
  0.28472  12.83774   1.78065  -0.64692  12.74668  -7.92670
  
 moments: 
 0.395  0.034 -0.032 -0.054 -0.028 10.665  0.826  0.328  0.063  1.459
 0.162 -0.280 -0.010 -0.189  0.054 13.559  0.898 -0.099  0.025  0.372
  
 0.000 -1.881 -0.054  0.971  0.000  0.323  0.000  0.000  0.976  0.000
-1.014  1.173 -0.427  0.613 12.038  0.888  3.075 11.206  0.546 18.985
  
-0.719 -0.818  0.312 -1.132  2.451 -0.708  0.000  0.000  0.000  0.000
 0.870  0.209 -0.044  0.284 -4.978  1.217  0.000  0.000  0.000  0.000
  
 0.000  0.000  0.413  0.093  0.091 -0.060  0.127  0.102
 0.000  0.000  0.630  0.079  0.043 -0.009  0.053  0.829
  
 fit metrics (weighted and unweighted): 12.9032426143

 parameters: 
 -1.99763  -4.21250   0.22394   3.39238   2.81998   8.17204
  0.51151   8.70462   1.33737  -1.62834  14.99651  -3.09897
  
 moments: 
 0.395  0.034 -0.032 -0.054 -0.028 10.665  0.826  0.328  0.063  1.459
 0.190 -0.213 -0.016 -0.141  0.022 12.802  0.858  0.149  0.061  0.700
  
 0.000 -1.881 -0.054  0.971  0.000  0.323  0.000  0.000  0.976  0.000
-0.853  1.263 -0.428  0.674 12.498  0.761  2.572  7.508  0.671  7.238
  
-0.719 -0.818  0.312 -1.132  2.451 -0.708  0.000  0.000  0.000  0.000
-0.842 -0.249 -0.083 -1.472 -3.000  2.000  0.000  0.000  0.000  0.000
  
 0.000  0.000  0.413  0.093  0.091 -0.060  0.127  0.102
 0.000  0.000  0.532  0.053  0.049 -0.015  0.459  0.325
  
 fit metrics (weighted and unweighted): 13.6076811978

 parameters: 
 -2.62209  -4.38986   0.18833   1.28832   1.90502  23.40338
  0.42814  14.62149   1.61304  -1.29047  17.13333  -4.01806
  
 moments: 
 0.395  0.034 -0.032 -0.054 -0.028 10.665  0.826  0.328  0.063  1.459
 0.234 -0.337 -0.051 -0.197  0.038 16.791  0.936  0.369 -0.029  0.544
  
 0.000 -1.881 -0.054  0.971  0.000  0.323  0.000  0.000  0.976  0.000
-0.900  1.187 -0.419  2.115 16.293  0.730  2.666 13.970  0.448  8.288
  
-0.719 -0.818  0.312 -1.132  2.451 -0.708  0.000  0.000  0.000  0.000
-0.014  0.047 -0.034 -1.883 -0.951  1.071  0.000  0.000  0.000  0.000
  
 0.000  0.000  0.413  0.093  0.091 -0.060  0.127  0.102
 0.000  0.000  0.622  0.091  0.054 -0.012  0.376  0.866
  
 fit metrics (weighted and unweighted): 12.7335847793

 parameters: 
 -3.24252  -4.73568   0.17436   1.58649   1.43251   7.28545
  0.29493   4.78953   1.49753  -0.93419  15.25825  -5.41747
  
 moments: 
 0.395  0.034 -0.032 -0.054 -0.028 10.665  0.826  0.328  0.063  1.459
 0.177 -0.226 -0.012 -0.143  0.019 12.343  0.917  0.308  0.059  0.667
  
 0.000 -1.881 -0.054  0.971  0.000  0.323  0.000  0.000  0.976  0.000
-0.777  1.311 -0.435  0.570 12.499  0.649  2.178  6.147  0.738  5.553
  
-0.719 -0.818  0.312 -1.132  2.451 -0.708  0.000  0.000  0.000  0.000
-1.296 -0.531 -0.147  1.657 -4.914  2.377  0.000  0.000  0.000  0.000
  
 0.000  0.000  0.413  0.093  0.091 -0.060  0.127  0.102
 0.000  0.000  0.559  0.076  0.060 -0.009  0.200  0.014
  
 fit metrics (weighted and unweighted): NaN

 parameters: 
 -1.56308  -4.76935   0.22477   2.91297   3.05050   6.85857
  0.51099  10.24949   0.96380  -1.48051  14.43419  -3.26408
  
 moments: 
 0.395  0.034 -0.032 -0.054 -0.028 10.665  0.826  0.328  0.063  1.459
 0.167    NaN    NaN    NaN    NaN  8.292  0.785 -0.260  0.263  0.271
  
 0.000 -1.881 -0.054  0.971  0.000  0.323  0.000  0.000  0.976  0.000
-0.727  1.327 -0.438  0.700  9.938  0.000 98.764  4.400  0.451  8.142
  
-0.719 -0.818  0.312 -1.132  2.451 -0.708  0.000  0.000  0.000  0.000
   NaN  0.000  0.000  0.000  0.000  0.000  0.000  0.000  0.000  0.000
  
 0.000  0.000  0.413  0.093  0.091 -0.060  0.127  0.102
 0.000  0.000    NaN  0.000    NaN  0.000  0.007  0.021
  
 fit metrics (weighted and unweighted): 12.9812333341

 parameters: 
 -2.73364  -5.83699   0.27461   2.21157   1.24989  10.81690
  0.39567   9.26367   1.43538  -0.75662  11.22151  -6.55212
  
 moments: 
 0.395  0.034 -0.032 -0.054 -0.028 10.665  0.826  0.328  0.063  1.459
 0.194 -0.280 -0.021 -0.177  0.040 10.885  0.875  0.031  0.029  0.542
  
 0.000 -1.881 -0.054  0.971  0.000  0.323  0.000  0.000  0.976  0.000
-1.009  1.095 -0.410  1.006  9.779  0.858  2.682  8.015  0.676  6.006
  
-0.719 -0.818  0.312 -1.132  2.451 -0.708  0.000  0.000  0.000  0.000
 0.142  0.129 -0.029 -1.116 -2.388  1.025  0.000  0.000  0.000  0.000
  
 0.000  0.000  0.413  0.093  0.091 -0.060  0.127  0.102
 0.000  0.000  0.624  0.066  0.048 -0.011  0.232  0.727
  
 fit metrics (weighted and unweighted): 13.0397138537

 parameters: 
 -3.01290  -3.51150   0.28037   2.40614   1.43880  20.06124
  0.20407   6.13289   1.76712  -1.80188  16.61778  -4.71260
  
 moments: 
 0.395  0.034 -0.032 -0.054 -0.028 10.665  0.826  0.328  0.063  1.459
 0.217 -0.349 -0.046 -0.216  0.067 17.915  0.925  0.130 -0.018  0.415
  
 0.000 -1.881 -0.054  0.971  0.000  0.323  0.000  0.000  0.976  0.000
-1.007  1.108 -0.413  1.909 15.612  1.004  3.902  9.181  0.750  5.524
  
-0.719 -0.818  0.312 -1.132  2.451 -0.708  0.000  0.000  0.000  0.000
 0.887  0.256 -0.038 -1.297 -2.559  1.084  0.000  0.000  0.000  0.000
  
 0.000  0.000  0.413  0.093  0.091 -0.060  0.127  0.102
 0.000  0.000  0.628  0.065  0.044 -0.010  0.205  0.059
  
 fit metrics (weighted and unweighted): 13.201022669

 parameters: 
 -4.10320  -3.88628   0.23683   2.28374   2.09762  19.05504
  0.53365   6.34978   1.95536  -1.36777  16.84268  -6.82084
  
 moments: 
 0.395  0.034 -0.032 -0.054 -0.028 10.665  0.826  0.328  0.063  1.459
 0.217 -0.316 -0.057 -0.200  0.062 18.211  0.908  0.032 -0.022  0.365
  
 0.000 -1.881 -0.054  0.971  0.000  0.323  0.000  0.000  0.976  0.000
-0.926  1.152 -0.423  1.840 16.159  1.002  3.998  9.796  0.705  7.705
  
-0.719 -0.818  0.312 -1.132  2.451 -0.708  0.000  0.000  0.000  0.000
 1.388  0.441 -0.055 -2.368 -1.250  1.101  0.000  0.000  0.000  0.000
  
 0.000  0.000  0.413  0.093  0.091 -0.060  0.127  0.102
 0.000  0.000  0.641  0.072  0.041 -0.010  0.083  0.048
  
 fit metrics (weighted and unweighted): 13.4843138352

 parameters: 
 -2.91608  -4.98248   0.27818   1.98244   1.53657  13.25984
  0.43879   7.02033   0.89981  -0.63240   5.38632  -8.91343
  
 moments: 
 0.395  0.034 -0.032 -0.054 -0.028 10.665  0.826  0.328  0.063  1.459
 0.280 -0.256 -0.275 -0.067 -0.009  3.276  0.306  0.427  0.185  0.470
  
 0.000 -1.881 -0.054  0.971  0.000  0.323  0.000  0.000  0.976  0.000
-0.733  1.326 -0.438  1.123  3.204  0.113  0.593  4.723  0.707  2.268
  
-0.719 -0.818  0.312 -1.132  2.451 -0.708  0.000  0.000  0.000  0.000
-1.900  1.625 -6.889 -7.089 -24.562 28.094  0.000  0.000  0.000  0.000
  
 0.000  0.000  0.413  0.093  0.091 -0.060  0.127  0.102
 0.000  0.000  0.773  0.145  0.051 -0.048  0.004  0.006
  
 fit metrics (weighted and unweighted): 13.6339295999

 parameters: 
 -3.56844  -4.45288   0.24327   2.49879   2.30613   9.63744
  0.38174   7.25669   2.22695  -0.67807  18.56674  -5.53727
  
 moments: 
 0.395  0.034 -0.032 -0.054 -0.028 10.665  0.826  0.328  0.063  1.459
 0.175 -0.210 -0.030 -0.194  0.058 21.831  0.906 -0.240 -0.042  0.287
  
 0.000 -1.881 -0.054  0.971  0.000  0.323  0.000  0.000  0.976  0.000
-0.999  1.141 -0.431  0.877 18.685  1.206  5.428 10.083  0.731 10.891
  
-0.719 -0.818  0.312 -1.132  2.451 -0.708  0.000  0.000  0.000  0.000
 3.405  0.813 -0.083  1.043 -10.798  1.631  0.000  0.000  0.000  0.000
  
 0.000  0.000  0.413  0.093  0.091 -0.060  0.127  0.102
 0.000  0.000  0.644  0.074  0.041 -0.011  0.305  0.100
  
 fit metrics (weighted and unweighted): 14.0240664758

 parameters: 
 -3.23955  -4.02253   0.28068   2.64512   1.20741  16.51802
  0.13854   7.05982   2.14381  -1.88234  16.62526  -4.91799
  
 moments: 
 0.395  0.034 -0.032 -0.054 -0.028 10.665  0.826  0.328  0.063  1.459
 0.209 -0.182 -0.044 -0.198  0.069 22.168  0.930 -0.113 -0.083  0.253
  
 0.000 -1.881 -0.054  0.971  0.000  0.323  0.000  0.000  0.976  0.000
-1.135  1.141 -0.459  1.600 17.233  1.318  5.473 10.457  0.755  7.831
  
-0.719 -0.818  0.312 -1.132  2.451 -0.708  0.000  0.000  0.000  0.000
 5.009  1.170 -0.072 -2.683 -6.112  1.199  0.000  0.000  0.000  0.000
  
 0.000  0.000  0.413  0.093  0.091 -0.060  0.127  0.102
 0.000  0.000  0.641  0.062  0.043 -0.010  0.327  0.179
  
 fit metrics (weighted and unweighted): 14.502546092

 parameters: 
 -2.94906  -2.45424   0.30162   1.91964   1.36121  19.67634
  0.26216   4.31381   2.19689  -1.71664  16.24628  -4.47330
  
 moments: 
 0.395  0.034 -0.032 -0.054 -0.028 10.665  0.826  0.328  0.063  1.459
 0.217 -0.187 -0.061 -0.199  0.044 23.604  0.937 -0.081 -0.058  0.231
  
 0.000 -1.881 -0.054  0.971  0.000  0.323  0.000  0.000  0.976  0.000
-0.938  0.747 -0.399  1.873 17.338  1.377  6.344 10.020  0.797  8.021
  
-0.719 -0.818  0.312 -1.132  2.451 -0.708  0.000  0.000  0.000  0.000
 7.150  1.475 -0.077 -4.231 -8.908  1.352  0.000  0.000  0.000  0.000
  
 0.000  0.000  0.413  0.093  0.091 -0.060  0.127  0.102
 0.000  0.000  0.710  0.067  0.041 -0.014  0.240  0.145
  
 fit metrics (weighted and unweighted): NaN

 parameters: 
 -1.97996  -5.49952   0.20136   3.13855   3.36244   6.09461
  0.49274   8.34845   0.84569  -1.41696  15.08935  -2.81468
  
 moments: 
 0.395  0.034 -0.032 -0.054 -0.028 10.665  0.826  0.328  0.063  1.459
   NaN    NaN    NaN    NaN    NaN    NaN    NaN  0.000  0.000    NaN
  
 0.000 -1.881 -0.054  0.971  0.000  0.323  0.000  0.000  0.976  0.000
-0.727  1.327 -0.438  0.000    NaN    NaN    NaN  2.734  0.396  4.806
  
-0.719 -0.818  0.312 -1.132  2.451 -0.708  0.000  0.000  0.000  0.000
   NaN  0.000  0.000  0.000  0.000  0.000  0.000  0.000  0.000  0.000
  
 0.000  0.000  0.413  0.093  0.091 -0.060  0.127  0.102
 0.000  0.000    NaN  0.000    NaN  0.000  0.000  0.000
  
 fit metrics (weighted and unweighted): NaN

 parameters: 
 -4.80400  -5.41397   0.30892   1.48886   1.19564   9.56386
  0.16202  14.81662   0.95085  -2.01970   9.77060  -7.25668
  
 moments: 
 0.395  0.034 -0.032 -0.054 -0.028 10.665  0.826  0.328  0.063  1.459
 0.171 -0.144 -0.069  0.045 -0.087  4.243  0.566  0.120 -0.033  0.794
  
 0.000 -1.881 -0.054  0.971  0.000  0.323  0.000  0.000  0.976  0.000
-0.731  1.327 -0.438  0.902    NaN    NaN    NaN  1.849 -0.475  3.353
  
-0.719 -0.818  0.312 -1.132  2.451 -0.708  0.000  0.000  0.000  0.000
-2.647 -7.968  2.813  0.000  3.411  0.000  0.000  0.000  0.000  0.000
  
 0.000  0.000  0.413  0.093  0.091 -0.060  0.127  0.102
 0.000  0.000  0.748  0.016  0.056 -0.077  0.000 43.250
  
 fit metrics (weighted and unweighted): 13.0854205685

 parameters: 
 -1.99763  -4.91741   0.29113   2.17476   2.81998  11.20315
  0.42161   7.82536   1.06586  -0.78913  14.99651  -3.09897
  
 moments: 
 0.395  0.034 -0.032 -0.054 -0.028 10.665  0.826  0.328  0.063  1.459
 0.201 -0.211 -0.042 -0.093  0.016  8.512  0.947  0.559 -0.033  0.727
  
 0.000 -1.881 -0.054  0.971  0.000  0.323  0.000  0.000  0.976  0.000
-0.740  1.326 -0.438  1.020 10.027  0.385  1.237  5.837  0.674  3.703
  
-0.719 -0.818  0.312 -1.132  2.451 -0.708  0.000  0.000  0.000  0.000
-2.126  2.163 -1.251 -3.381 -0.053  2.482  0.000  0.000  0.000  0.000
  
 0.000  0.000  0.413  0.093  0.091 -0.060  0.127  0.102
 0.000  0.000  0.663  0.075  0.055  0.009  0.395  0.027
  
 fit metrics (weighted and unweighted): NaN

 parameters: 
 -2.73048  -2.31939   0.12549   1.29280   2.02371  12.57530
  0.36255  10.92484   1.48521  -0.77345  18.60540  -8.00610
  
 moments: 
 0.395  0.034 -0.032 -0.054 -0.028 10.665  0.826  0.328  0.063  1.459
 1.000    NaN    NaN    NaN    NaN 10.692  1.500  0.000  0.000  2.718
  
 0.000 -1.881 -0.054  0.971  0.000  0.323  0.000  0.000  0.976  0.000
-0.727  1.327 -0.438  0.896 10.692 -2.000 357.703 11.091  0.564  9.589
  
-0.719 -0.818  0.312 -1.132  2.451 -0.708  0.000  0.000  0.000  0.000
   NaN  0.000  0.000  0.000  0.000  0.000  0.000  0.000  0.000  0.000
  
 0.000  0.000  0.413  0.093  0.091 -0.060  0.127  0.102
 0.000  0.000    NaN  0.000    NaN  0.000  0.000  0.000
  
 fit metrics (weighted and unweighted): 12.9058761246

 parameters: 
 -1.99763  -4.73568   0.17436   3.39238   2.81998   7.28545
  0.29493   8.70462   1.49753  -0.93419  14.99651  -5.41747
  
 moments: 
 0.395  0.034 -0.032 -0.054 -0.028 10.665  0.826  0.328  0.063  1.459
 0.187 -0.195 -0.019 -0.103  0.020 12.286  0.888  0.090  0.010  0.648
  
 0.000 -1.881 -0.054  0.971  0.000  0.323  0.000  0.000  0.976  0.000
-0.801  1.298 -0.433  0.568 12.645  0.640  2.357  7.883  0.667  9.525
  
-0.719 -0.818  0.312 -1.132  2.451 -0.708  0.000  0.000  0.000  0.000
-1.214 -0.136 -0.243  2.135 -6.615  2.605  0.000  0.000  0.000  0.000
  
 0.000  0.000  0.413  0.093  0.091 -0.060  0.127  0.102
 0.000  0.000  0.468  0.015  0.039 -0.014  0.197  0.122
  
 fit metrics (weighted and unweighted): 13.0447511197

 parameters: 
 -2.57741  -4.44675   0.31409   1.79307   1.75790  10.36958
  0.38774   7.81352   1.41244  -0.50301   6.42965  -9.17575
  
 moments: 
 0.395  0.034 -0.032 -0.054 -0.028 10.665  0.826  0.328  0.063  1.459
 0.183 -0.260 -0.020 -0.196  0.060  8.078  0.902 -0.174 -0.033  0.363
  
 0.000 -1.881 -0.054  0.971  0.000  0.323  0.000  0.000  0.976  0.000
-1.061  1.054 -0.517  0.963  6.832  0.854  4.447  7.475  0.718  5.258
  
-0.719 -0.818  0.312 -1.132  2.451 -0.708  0.000  0.000  0.000  0.000
 1.926  0.390 -0.019 -1.922 -1.827  0.766  0.000  0.000  0.000  0.000
  
 0.000  0.000  0.413  0.093  0.091 -0.060  0.127  0.102
 0.000  0.000  0.706  0.057  0.045 -0.010  0.040  0.236
  
 fit metrics (weighted and unweighted): 13.8935014916

 parameters: 
 -5.49532  -3.67404   0.12696   2.01010   2.30693  22.23008
  0.40859  18.46282   1.57942  -1.05360  14.33743  -8.02761
  
 moments: 
 0.395  0.034 -0.032 -0.054 -0.028 10.665  0.826  0.328  0.063  1.459
 0.243 -0.303 -0.080 -0.149  0.032 12.368  0.907  0.586 -0.009  0.752
  
 0.000 -1.881 -0.054  0.971  0.000  0.323  0.000  0.000  0.976  0.000
-0.793  1.292 -0.432  2.032 13.407  0.449  1.531 15.858  0.267 14.349
  
-0.719 -0.818  0.312 -1.132  2.451 -0.708  0.000  0.000  0.000  0.000
-1.014 -0.302 -0.129  1.570 -5.036  2.065  0.000  0.000  0.000  0.000
  
 0.000  0.000  0.413  0.093  0.091 -0.060  0.127  0.102
 0.000  0.000  0.487  0.057  0.051 -0.011  0.013  0.949
  