
 original fit metric: 
 parameters: 
 -2.92218 -21.73293   0.16367   0.14290   0.25319  21.01018
  0.11999   7.54692   3.14415  15.32195 
  
 original moments: 
 0.395  0.034 -0.032 -0.054 -0.028 10.665  0.826  0.328  0.063  1.459
 0.256 -0.364 -0.033 -0.204 -0.002 14.291  0.916  0.469 -0.104  0.677
  
 0.000 -1.881 -0.054  0.971  0.000  0.323  0.000  0.000  0.976  0.000
-1.388  1.453 -0.681  1.925 15.626  0.875  1.577 13.643  0.990  0.812
  
-0.719 -0.818  0.312 -1.132  2.451 -0.708  0.413  0.093  0.091 -0.060
-0.471 -0.444  0.002 -2.415  3.391  0.801  0.337  0.146  0.065 -0.004
  
 0.127  0.102
 0.206  0.172
  
 fit metrics, original and alternative: 11.747, 13.413