
 original fit metric: 11.8130205893

 parameters: 
 -2.92218 -21.73293   0.16367   0.14290   0.25319  21.01018
  0.11999   7.54692   3.14415  15.32195 -21.73293 
  
 original moments: 
 0.395  0.034 -0.032 -0.054 -0.028 10.665  0.826  0.328  0.063  1.459
 0.263 -0.357 -0.028 -0.186  0.004 13.701  0.990  0.503 -0.024  0.728
  
 0.000 -1.881 -0.054  0.971  0.000  0.323  0.000  0.000  0.976  0.000
-1.512  1.709 -0.773  1.917 15.165  0.905  1.305 13.928  0.999  0.386
  
-0.719 -0.818  0.312 -1.132  2.451 -0.708  0.413  0.093  0.091 -0.060
-0.497 -0.327 -0.031 -3.199  4.532  0.835  0.320  0.138  0.067  0.006
  
 0.127  0.102
 0.219  0.182
  
 alternative fit metric: 
 parameters: 
 -2.92218 -21.73293   0.16367   0.14290   0.25319  21.01018
  0.11999   7.54692   3.14415  15.32195 -21.73293 
  
 alternative moments: 
 0.395  0.034 -0.032 -0.054 -0.028 10.665  0.826  0.328  0.063  1.459
 0.263 -0.357 -0.028 -0.186  0.004 13.701  0.990  0.503 -0.024  0.728
  
 0.971  0.000  0.323  0.000  0.000  0.976  0.000 -0.719 -0.818  0.312
 1.917 15.165  0.905  1.305 13.928  0.999  0.386 -0.497 -0.327 -0.031
  
-1.132  2.451 -0.708  0.413  0.093  0.091 -0.060  0.127  0.102  0.792
-3.199  4.532  0.835  0.320  0.138  0.067  0.006  0.219  0.182  0.252
  
 0.112  0.031  0.016  0.009  0.022  0.016  0.000  0.000  0.000  0.000
 0.203  0.156  0.113  0.066  0.092  0.118  0.000  0.000  0.000  0.000
  
 original fit metric: 11.7435480248

 parameters: 
 -2.24182 -15.44852   0.17287   0.14253   0.13117  21.31091
  0.11182   9.63088   2.62056  12.10551 -19.69524 
  
 original moments: 
 0.395  0.034 -0.032 -0.054 -0.028 10.665  0.826  0.328  0.063  1.459
 0.270 -0.338 -0.038 -0.165  0.010  9.917  0.979  0.607 -0.041  0.736
  
 0.000 -1.881 -0.054  0.971  0.000  0.323  0.000  0.000  0.976  0.000
-1.587  1.959 -0.894  1.924 11.016  0.734  1.504 14.152  0.988  0.851
  
-0.719 -0.818  0.312 -1.132  2.451 -0.708  0.413  0.093  0.091 -0.060
-0.208  0.878 -0.037 -10.051 14.727 -1.203  0.337  0.146  0.068 -0.001
  
 0.127  0.102
 0.228  0.145
  
 alternative fit metric: 
 parameters: 
 -2.24182 -15.44852   0.17287   0.14253   0.13117  21.31091
  0.11182   9.63088   2.62056  12.10551 -19.69524 
  
 alternative moments: 
 0.395  0.034 -0.032 -0.054 -0.028 10.665  0.826  0.328  0.063  1.459
 0.270 -0.338 -0.038 -0.165  0.010  9.917  0.979  0.607 -0.041  0.736
  
 0.971  0.000  0.323  0.000  0.000  0.976  0.000 -0.719 -0.818  0.312
 1.924 11.016  0.734  1.504 14.152  0.988  0.851 -0.208  0.878 -0.037
  
-1.132  2.451 -0.708  0.413  0.093  0.091 -0.060  0.127  0.102  0.792
-10.051 14.727 -1.203  0.337  0.146  0.068 -0.001  0.228  0.145  0.328
  
 0.112  0.031  0.016  0.009  0.022  0.016  0.000  0.000  0.000  0.000
 0.203  0.129  0.085  0.048  0.076  0.131  0.000  0.000  0.000  0.000
  
 original fit metric: 12.2761440751

 parameters: 
 -3.14093 -20.43686   0.16166   0.14616   0.16431  21.26086
  0.11330   9.65406   2.73574  13.46276 -23.79901 
  
 original moments: 
 0.395  0.034 -0.032 -0.054 -0.028 10.665  0.826  0.328  0.063  1.459
 0.239 -0.314 -0.194 -0.072  0.007 10.782  0.704  0.831  0.012  0.669
  
 0.000 -1.881 -0.054  0.971  0.000  0.323  0.000  0.000  0.976  0.000
-0.518 -0.227 -0.534  1.931 11.155  0.599  1.044 12.679  0.991  0.755
  
-0.719 -0.818  0.312 -1.132  2.451 -0.708  0.413  0.093  0.091 -0.060
-1.090 -1.796  0.717  5.541 -4.330 -0.050  0.262 -0.186  0.010 -0.012
  
 0.127  0.102
 0.159  0.076
  
 alternative fit metric: 
 parameters: 
 -3.14093 -20.43686   0.16166   0.14616   0.16431  21.26086
  0.11330   9.65406   2.73574  13.46276 -23.79901 
  
 alternative moments: 
 0.395  0.034 -0.032 -0.054 -0.028 10.665  0.826  0.328  0.063  1.459
 0.239 -0.314 -0.194 -0.072  0.007 10.782  0.704  0.831  0.012  0.669
  
 0.971  0.000  0.323  0.000  0.000  0.976  0.000 -0.719 -0.818  0.312
 1.931 11.155  0.599  1.044 12.679  0.991  0.755 -1.090 -1.796  0.717
  
-1.132  2.451 -0.708  0.413  0.093  0.091 -0.060  0.127  0.102  0.792
 5.541 -4.330 -0.050  0.262 -0.186  0.010 -0.012  0.159  0.076  0.357
  
 0.112  0.031  0.016  0.009  0.022  0.016  0.000  0.000  0.000  0.000
 0.262  0.132  0.111  0.058  0.049  0.031  0.000  0.000  0.000  0.000
  11.7467459911

 alternative fit metric: 
 parameters: 
 -2.92218 -21.73293   0.16367   0.14290   0.25319  21.01018
  0.11999   7.54692   3.14415  15.32195 
  
 alternative moments: 
 0.395  0.034 -0.032 -0.054 -0.028 10.665  0.826  0.328  0.063  1.459
 0.256 -0.364 -0.033 -0.204 -0.002 14.291  0.916  0.469 -0.104  0.677
  
 0.971  0.000  0.323  0.000  0.000  0.976  0.000 -0.719 -0.818  0.312
 1.925 15.626  0.875  1.577 13.643  0.990  0.812 -0.471 -0.444  0.002
  
-1.132  2.451 -0.708  0.413  0.093  0.091 -0.060  0.127  0.102  0.792
-2.415  3.391  0.801  0.337  0.146  0.065 -0.004  0.206  0.172  0.243
  
 0.112  0.031  0.016  0.009  0.022  0.016  0.000  0.000  0.000  0.000
 0.195  0.164  0.110  0.071  0.093  0.123  0.000  0.000  0.000  0.000
  