
 fit metrics (weighted and unweighted): 10.799537675,0.834685464891

 parameters: 
 -3.60529  -3.87941   0.23156   2.46487   1.88176  15.42634
  0.38246  11.72211   1.38618  -1.21819  13.00238  -6.13506
  
 moments: 
 0.395  0.034 -0.032 -0.054 -0.028 10.665  0.826  0.328  0.063  1.459
 0.267 -0.151 -0.033 -0.106  0.019 10.964  0.849  0.570  0.067  0.725
  
 0.000 -1.881 -0.054  0.971  0.000  0.323  0.000  0.000  0.976  0.000
-1.169 -1.221 -0.150  1.489 10.940  0.690  1.944 11.195  0.964  0.545
  
-0.719 -0.818  0.312 -1.132  2.451 -0.708  0.000  0.000  0.000  0.000
-0.958 -0.371  0.024  3.774 -5.555  0.564  0.000  0.000  0.000  0.000
  
 0.000  0.000  0.413  0.093  0.091 -0.060  0.127  0.102
 0.000  0.000  0.470 -0.009  0.066 -0.033  0.062  0.141
  