
 STARTING A NEW RUN (restricted model) 2023_0708_1141

 original fit metric: 11.8017440711

 parameters: 
 -2.92218 -21.73293   0.16367   0.14290   0.25319  21.01018
  0.11999   7.54692   3.14415  15.32195 
  
 original moments: 
 0.395  0.034 -0.032 -0.054 -0.028 10.665  0.826  0.328  0.063  1.459
 0.267 -0.371 -0.030 -0.212  0.021 13.776  1.001  0.558 -0.086  0.744
  
 0.000 -1.881 -0.054  0.971  0.000  0.323  0.000  0.000  0.976  0.000
-1.081  0.982 -0.575  1.888 15.234  0.841  1.449 14.349  0.994  0.557
  
-0.719 -0.818  0.312 -1.132  2.451 -0.708  0.413  0.093  0.091 -0.060
-0.441 -0.445 -0.008 -3.578  5.735  0.706  0.319  0.145  0.069  0.010
  
 0.137  0.102
 0.229  0.183
  
 alternative fit metric: 12.8432243402

 parameters: 
 -2.92218 -21.73293   0.16367   0.14290   0.25319  21.01018
  0.11999   7.54692   3.14415  15.32195 
  
 alternative moments: 
 0.395  0.034 -0.032 -0.054 -0.028 10.665  0.826  0.328  0.063  1.459
 0.267 -0.371 -0.030 -0.212  0.021 13.776  1.001  0.558 -0.086  0.744
  
 0.971  0.000  0.323  0.000  0.000  0.976  0.000 -0.719 -0.818  0.312
 1.888 15.234  0.841  1.449 14.349  0.994  0.557 -0.441 -0.445 -0.008
  
-1.132  2.451 -0.708  0.413  0.093  0.091 -0.060  0.137  0.102  0.792
-3.578  5.735  0.706  0.319  0.145  0.069  0.010  0.229  0.183  0.240
  
 0.112  0.031  0.016  0.009  0.022  0.016  0.000  0.000  0.000  0.000
 0.201  0.162  0.114  0.071  0.098  0.112  0.000  0.000  0.000  0.000
  
 original fit metric: 12.360437203

 parameters: 
 -3.74668 -22.43366   0.14410   0.10867   0.21524  21.04606
  0.13103   6.00955   2.92487  13.52120 
  
 original moments: 
 0.395  0.034 -0.032 -0.054 -0.028 10.665  0.826  0.328  0.063  1.459
 0.256 -0.262 -0.029 -0.094 -0.032 12.473  0.945  0.599 -0.074  0.625
  
 0.000 -1.881 -0.054  0.971  0.000  0.323  0.000  0.000  0.976  0.000
-1.053  0.620 -0.527  1.956 12.096  0.960  1.286 11.321  0.991  0.532
  
-0.719 -0.818  0.312 -1.132  2.451 -0.708  0.413  0.093  0.091 -0.060
 0.223  2.211 -0.047 -10.992 14.203 -2.996  0.219 -0.029  0.051  0.039
  
 0.137  0.102
 0.290  0.184
  
 alternative fit metric: 13.4751323028

 parameters: 
 -3.74668 -22.43366   0.14410   0.10867   0.21524  21.04606
  0.13103   6.00955   2.92487  13.52120 
  
 alternative moments: 
 0.395  0.034 -0.032 -0.054 -0.028 10.665  0.826  0.328  0.063  1.459
 0.256 -0.262 -0.029 -0.094 -0.032 12.473  0.945  0.599 -0.074  0.625
  
 0.971  0.000  0.323  0.000  0.000  0.976  0.000 -0.719 -0.818  0.312
 1.956 12.096  0.960  1.286 11.321  0.991  0.532  0.223  2.211 -0.047
  
-1.132  2.451 -0.708  0.413  0.093  0.091 -0.060  0.137  0.102  0.792
-10.992 14.203 -2.996  0.219 -0.029  0.051  0.039  0.290  0.184  0.402
  
 0.112  0.031  0.016  0.009  0.022  0.016  0.000  0.000  0.000  0.000
 0.235  0.126  0.049  0.025  0.054  0.109  0.000  0.000  0.000  0.000
  
 original fit metric: 12.0232911537

 parameters: 
 -3.40418 -17.03498   0.13698   0.14801   0.18440  21.71663
  0.13624   9.10362   2.22454  12.55549 
  
 original moments: 
 0.395  0.034 -0.032 -0.054 -0.028 10.665  0.826  0.328  0.063  1.459
 0.269 -0.234 -0.045 -0.062 -0.038  9.225  1.055  0.621 -0.207  0.850
  
 0.000 -1.881 -0.054  0.971  0.000  0.323  0.000  0.000  0.976  0.000
-0.615  0.163 -0.532  1.944 11.060  0.468  1.385 11.285  0.980  0.944
  
-0.719 -0.818  0.312 -1.132  2.451 -0.708  0.413  0.093  0.091 -0.060
-0.357  1.233 -1.004  2.120 -14.196  4.698  0.253 -0.128  0.039 -0.006
  
 0.137  0.102
 0.292  0.125
  
 alternative fit metric: 13.9212262698

 parameters: 
 -3.40418 -17.03498   0.13698   0.14801   0.18440  21.71663
  0.13624   9.10362   2.22454  12.55549 
  
 alternative moments: 
 0.395  0.034 -0.032 -0.054 -0.028 10.665  0.826  0.328  0.063  1.459
 0.269 -0.234 -0.045 -0.062 -0.038  9.225  1.055  0.621 -0.207  0.850
  
 0.971  0.000  0.323  0.000  0.000  0.976  0.000 -0.719 -0.818  0.312
 1.944 11.060  0.468  1.385 11.285  0.980  0.944 -0.357  1.233 -1.004
  
-1.132  2.451 -0.708  0.413  0.093  0.091 -0.060  0.137  0.102  0.792
 2.120 -14.196  4.698  0.253 -0.128  0.039 -0.006  0.292  0.125  0.408
  
 0.112  0.031  0.016  0.009  0.022  0.016  0.000  0.000  0.000  0.000
 0.205  0.087  0.071  0.052  0.132  0.045  0.000  0.000  0.000  0.000
  
 original fit metric: 12.3805700798

 parameters: 
 -2.61375 -21.56009   0.11867   0.13706   0.19021  25.68505
  0.13774   7.11167   2.63178  11.22206 
  
 original moments: 
 0.395  0.034 -0.032 -0.054 -0.028 10.665  0.826  0.328  0.063  1.459
 0.269 -0.266 -0.029 -0.147  0.038  9.773  0.938  0.563 -0.295  0.679
  
 0.000 -1.881 -0.054  0.971  0.000  0.323  0.000  0.000  0.976  0.000
-0.814  0.217 -0.435  2.193  9.613  0.556  1.377 11.238  0.994  0.796
  
-0.719 -0.818  0.312 -1.132  2.451 -0.708  0.413  0.093  0.091 -0.060
 0.000  2.073  0.240 -11.517 20.945 -5.267  0.239 -0.040  0.054  0.035
  
 0.137  0.102
 0.304  0.142
  
 alternative fit metric: 13.8136530869

 parameters: 
 -2.61375 -21.56009   0.11867   0.13706   0.19021  25.68505
  0.13774   7.11167   2.63178  11.22206 
  
 alternative moments: 
 0.395  0.034 -0.032 -0.054 -0.028 10.665  0.826  0.328  0.063  1.459
 0.269 -0.266 -0.029 -0.147  0.038  9.773  0.938  0.563 -0.295  0.679
  
 0.971  0.000  0.323  0.000  0.000  0.976  0.000 -0.719 -0.818  0.312
 2.193  9.613  0.556  1.377 11.238  0.994  0.796  0.000  2.073  0.240
  
-1.132  2.451 -0.708  0.413  0.093  0.091 -0.060  0.137  0.102  0.792
-11.517 20.945 -5.267  0.239 -0.040  0.054  0.035  0.304  0.142  0.368
  
 0.112  0.031  0.016  0.009  0.022  0.016  0.000  0.000  0.000  0.000
 0.246  0.137  0.070  0.036  0.048  0.094  0.000  0.000  0.000  0.000
  
 original fit metric: 12.2382865847

 parameters: 
 -3.40217 -22.49269   0.18490   0.14665   0.22090  14.97001
  0.08805   9.29897   3.17314  11.76498 
  
 original moments: 
 0.395  0.034 -0.032 -0.054 -0.028 10.665  0.826  0.328  0.063  1.459
 0.241 -0.351 -0.042 -0.264  0.117 12.471  0.902  0.271  0.001  0.665
  
 0.000 -1.881 -0.054  0.971  0.000  0.323  0.000  0.000  0.976  0.000
-0.802  0.367 -0.213  1.419 15.158  0.783  3.703 12.766  0.996  1.213
  
-0.719 -0.818  0.312 -1.132  2.451 -0.708  0.413  0.093  0.091 -0.060
 1.391  0.614 -0.143 -1.874 -6.620  2.029  0.422  0.103  0.092  0.000
  
 0.137  0.102
 0.311  0.209
  
 alternative fit metric: 14.2498046864

 parameters: 
 -3.40217 -22.49269   0.18490   0.14665   0.22090  14.97001
  0.08805   9.29897   3.17314  11.76498 
  
 alternative moments: 
 0.395  0.034 -0.032 -0.054 -0.028 10.665  0.826  0.328  0.063  1.459
 0.241 -0.351 -0.042 -0.264  0.117 12.471  0.902  0.271  0.001  0.665
  
 0.971  0.000  0.323  0.000  0.000  0.976  0.000 -0.719 -0.818  0.312
 1.419 15.158  0.783  3.703 12.766  0.996  1.213  1.391  0.614 -0.143
  
-1.132  2.451 -0.708  0.413  0.093  0.091 -0.060  0.137  0.102  0.792
-1.874 -6.620  2.029  0.422  0.103  0.092  0.000  0.311  0.209  0.305
  
 0.112  0.031  0.016  0.009  0.022  0.016  0.000  0.000  0.000  0.000
 0.179  0.082  0.047  0.032  0.055  0.239  0.000  0.000  0.000  0.000
  
 original fit metric: 12.2132793859

 parameters: 
 -2.50975 -24.14289   0.13583   0.16961   0.31135  23.19963
  0.14126   8.46803   3.39084  17.27082 
  
 original moments: 
 0.395  0.034 -0.032 -0.054 -0.028 10.665  0.826  0.328  0.063  1.459
 0.260 -0.305 -0.025 -0.079 -0.048 15.891  0.968  0.734 -0.151  0.769
  
 0.000 -1.881 -0.054  0.971  0.000  0.323  0.000  0.000  0.976  0.000
-1.263  1.292 -0.797  2.061 16.239  0.991  1.214 14.590  0.988  0.923
  
-0.719 -0.818  0.312 -1.132  2.451 -0.708  0.413  0.093  0.091 -0.060
 0.226  2.617 -0.592 -12.690 10.511 -0.196  0.211 -0.129  0.048 -0.014
  
 0.137  0.102
 0.284  0.170
  
 alternative fit metric: 13.7321307527

 parameters: 
 -2.50975 -24.14289   0.13583   0.16961   0.31135  23.19963
  0.14126   8.46803   3.39084  17.27082 
  
 alternative moments: 
 0.395  0.034 -0.032 -0.054 -0.028 10.665  0.826  0.328  0.063  1.459
 0.260 -0.305 -0.025 -0.079 -0.048 15.891  0.968  0.734 -0.151  0.769
  
 0.971  0.000  0.323  0.000  0.000  0.976  0.000 -0.719 -0.818  0.312
 2.061 16.239  0.991  1.214 14.590  0.988  0.923  0.226  2.617 -0.592
  
-1.132  2.451 -0.708  0.413  0.093  0.091 -0.060  0.137  0.102  0.792
-12.690 10.511 -0.196  0.211 -0.129  0.048 -0.014  0.284  0.170  0.369
  
 0.112  0.031  0.016  0.009  0.022  0.016  0.000  0.000  0.000  0.000
 0.251  0.129  0.063  0.027  0.067  0.094  0.000  0.000  0.000  0.000
  
 original fit metric: 12.2149993114

 parameters: 
 -3.72360 -16.57819   0.13350   0.11130   0.30617  15.56806
  0.09957   7.04076   2.56881  18.62754 
  
 original moments: 
 0.395  0.034 -0.032 -0.054 -0.028 10.665  0.826  0.328  0.063  1.459
 0.263 -0.380 -0.296  0.066 -0.015 15.471  0.664  0.499  0.004  0.481
  
 0.000 -1.881 -0.054  0.971  0.000  0.323  0.000  0.000  0.976  0.000
-0.324 -0.843 -0.382  1.471 15.994  1.105  0.852 11.567  0.991  1.019
  
-0.719 -0.818  0.312 -1.132  2.451 -0.708  0.413  0.093  0.091 -0.060
-1.163 -0.537  0.818  9.489 -4.028 -4.865  0.283 -0.159  0.013 -0.011
  
 0.137  0.102
 0.167  0.075
  
 alternative fit metric: 14.1152382848

 parameters: 
 -3.72360 -16.57819   0.13350   0.11130   0.30617  15.56806
  0.09957   7.04076   2.56881  18.62754 
  
 alternative moments: 
 0.395  0.034 -0.032 -0.054 -0.028 10.665  0.826  0.328  0.063  1.459
 0.263 -0.380 -0.296  0.066 -0.015 15.471  0.664  0.499  0.004  0.481
  
 0.971  0.000  0.323  0.000  0.000  0.976  0.000 -0.719 -0.818  0.312
 1.471 15.994  1.105  0.852 11.567  0.991  1.019 -1.163 -0.537  0.818
  
-1.132  2.451 -0.708  0.413  0.093  0.091 -0.060  0.137  0.102  0.792
 9.489 -4.028 -4.865  0.283 -0.159  0.013 -0.011  0.167  0.075  0.375
  
 0.112  0.031  0.016  0.009  0.022  0.016  0.000  0.000  0.000  0.000
 0.214  0.204  0.094  0.047  0.050  0.017  0.000  0.000  0.000  0.000
  
 original fit metric: 12.4510885607

 parameters: 
 -3.71620 -23.22684   0.14062   0.11795   0.25359  21.78335
  0.15102   8.42435   3.49849  15.02193 
  
 original moments: 
 0.395  0.034 -0.032 -0.054 -0.028 10.665  0.826  0.328  0.063  1.459
 0.230 -0.375 -0.031 -0.251  0.075 16.207  0.957  0.337 -0.069  0.552
  
 0.000 -1.881 -0.054  0.971  0.000  0.323  0.000  0.000  0.976  0.000
-1.239  1.256 -0.479  2.008 19.522  1.046  2.093 15.725  0.994  0.829
  
-0.719 -0.818  0.312 -1.132  2.451 -0.708  0.413  0.093  0.091 -0.060
 1.019  0.376 -0.101 -1.287 -5.544  1.664  0.286  0.122  0.081  0.014
  
 0.137  0.102
 0.268  0.175
  
 alternative fit metric: 14.0578964816

 parameters: 
 -3.71620 -23.22684   0.14062   0.11795   0.25359  21.78335
  0.15102   8.42435   3.49849  15.02193 
  
 alternative moments: 
 0.395  0.034 -0.032 -0.054 -0.028 10.665  0.826  0.328  0.063  1.459
 0.230 -0.375 -0.031 -0.251  0.075 16.207  0.957  0.337 -0.069  0.552
  
 0.971  0.000  0.323  0.000  0.000  0.976  0.000 -0.719 -0.818  0.312
 2.008 19.522  1.046  2.093 15.725  0.994  0.829  1.019  0.376 -0.101
  
-1.132  2.451 -0.708  0.413  0.093  0.091 -0.060  0.137  0.102  0.792
-1.287 -5.544  1.664  0.286  0.122  0.081  0.014  0.268  0.175  0.320
  
 0.112  0.031  0.016  0.009  0.022  0.016  0.000  0.000  0.000  0.000
 0.166  0.076  0.034  0.021  0.053  0.311  0.000  0.000  0.000  0.000
  
 original fit metric: 12.4570679283

 parameters: 
 -3.35141 -25.58902   0.19284   0.17501   0.18712  27.13542
  0.12630   7.42813   2.96398  15.29200 
  
 original moments: 
 0.395  0.034 -0.032 -0.054 -0.028 10.665  0.826  0.328  0.063  1.459
 0.260 -0.237 -0.209 -0.097  0.141 12.281  0.958  0.205 -0.474  0.859
  
 0.000 -1.881 -0.054  0.971  0.000  0.323  0.000  0.000  0.976  0.000
-0.379 -0.518 -0.520  2.308 12.658 -0.243  1.132 11.658  0.990  0.560
  
-0.719 -0.818  0.312 -1.132  2.451 -0.708  0.413  0.093  0.091 -0.060
-1.328 -0.872 -0.246  0.981 -4.441  3.626  0.337 -0.178  0.016 -0.011
  
 0.137  0.102
 0.140  0.278
  
 alternative fit metric: 13.4380159736

 parameters: 
 -3.35141 -25.58902   0.19284   0.17501   0.18712  27.13542
  0.12630   7.42813   2.96398  15.29200 
  
 alternative moments: 
 0.395  0.034 -0.032 -0.054 -0.028 10.665  0.826  0.328  0.063  1.459
 0.260 -0.237 -0.209 -0.097  0.141 12.281  0.958  0.205 -0.474  0.859
  
 0.971  0.000  0.323  0.000  0.000  0.976  0.000 -0.719 -0.818  0.312
 2.308 12.658 -0.243  1.132 11.658  0.990  0.560 -1.328 -0.872 -0.246
  
-1.132  2.451 -0.708  0.413  0.093  0.091 -0.060  0.137  0.102  0.792
 0.981 -4.441  3.626  0.337 -0.178  0.016 -0.011  0.140  0.278  0.358
  
 0.112  0.031  0.016  0.009  0.022  0.016  0.000  0.000  0.000  0.000
 0.231  0.174  0.112  0.062  0.047  0.016  0.000  0.000  0.000  0.000
  
 original fit metric: 13.6182704852

 parameters: 
 -3.36548 -17.15869   0.16461   0.15336   0.23454  26.86505
  0.13045   8.46759   2.87711  11.82320 
  
 original moments: 
 0.395  0.034 -0.032 -0.054 -0.028 10.665  0.826  0.328  0.063  1.459
 0.258 -0.258 -0.064 -0.240  0.098 15.628  0.891  0.247 -0.092  0.392
  
 0.000 -1.881 -0.054  0.971  0.000  0.323  0.000  0.000  0.976  0.000
-0.004 -0.786  0.069  2.282 15.795  0.983  5.692 13.148  0.999  0.989
  
-0.719 -0.818  0.312 -1.132  2.451 -0.708  0.413  0.093  0.091 -0.060
 4.254  1.248 -0.124 -3.576 -9.300  1.849  0.509  0.099  0.080 -0.016
  
 0.137  0.102
 0.257  0.298
  
 alternative fit metric: 14.3168210097

 parameters: 
 -3.36548 -17.15869   0.16461   0.15336   0.23454  26.86505
  0.13045   8.46759   2.87711  11.82320 
  
 alternative moments: 
 0.395  0.034 -0.032 -0.054 -0.028 10.665  0.826  0.328  0.063  1.459
 0.258 -0.258 -0.064 -0.240  0.098 15.628  0.891  0.247 -0.092  0.392
  
 0.971  0.000  0.323  0.000  0.000  0.976  0.000 -0.719 -0.818  0.312
 2.282 15.795  0.983  5.692 13.148  0.999  0.989  4.254  1.248 -0.124
  
-1.132  2.451 -0.708  0.413  0.093  0.091 -0.060  0.137  0.102  0.792
-3.576 -9.300  1.849  0.509  0.099  0.080 -0.016  0.257  0.298  0.226
  
 0.112  0.031  0.016  0.009  0.022  0.016  0.000  0.000  0.000  0.000
 0.144  0.086  0.070  0.067  0.184  0.083  0.000  0.000  0.000  0.000
  
 original fit metric: NaN

 parameters: 
 -2.23925 -27.81495   0.13103   0.18165   0.29210  17.25763
  0.13746   8.59681   2.51434  17.42517 
  
 original moments: 
 0.395  0.034 -0.032 -0.054 -0.028 10.665  0.826  0.328  0.063  1.459
   NaN    NaN    NaN    NaN    NaN    NaN    NaN  0.000  0.000    NaN
  
 0.000 -1.881 -0.054  0.971  0.000  0.323  0.000  0.000  0.976  0.000
 0.000  0.000  0.000    NaN    NaN    NaN    NaN  6.566  0.970  0.176
  
-0.719 -0.818  0.312 -1.132  2.451 -0.708  0.413  0.093  0.091 -0.060
   NaN  0.000  0.000  0.000  0.000  0.000    NaN  0.000    NaN  0.000
  
 0.137  0.102
 0.000    NaN
  
 alternative fit metric: NaN

 parameters: 
 -2.23925 -27.81495   0.13103   0.18165   0.29210  17.25763
  0.13746   8.59681   2.51434  17.42517 
  
 alternative moments: 
 0.395  0.034 -0.032 -0.054 -0.028 10.665  0.826  0.328  0.063  1.459
   NaN    NaN    NaN    NaN    NaN    NaN    NaN  0.000  0.000    NaN
  
 0.971  0.000  0.323  0.000  0.000  0.976  0.000 -0.719 -0.818  0.312
   NaN    NaN    NaN    NaN  6.566  0.970  0.176    NaN  0.000  0.000
  
-1.132  2.451 -0.708  0.413  0.093  0.091 -0.060  0.137  0.102  0.792
 0.000  0.000  0.000    NaN  0.000    NaN  0.000  0.000    NaN    NaN
  
 0.112  0.031  0.016  0.009  0.022  0.016  0.000  0.000  0.000  0.000
   NaN    NaN    NaN    NaN    NaN    NaN  0.000  0.000  0.000  0.000
  
 original fit metric: 12.9507481988

 parameters: 
 -2.37179 -24.35605   0.16916   0.11540   0.30439  27.20040
  0.08854   5.31861   2.81634  15.02908 
  
 original moments: 
 0.395  0.034 -0.032 -0.054 -0.028 10.665  0.826  0.328  0.063  1.459
 0.220 -0.205 -0.287 -0.219  0.356 11.948 -0.117  0.062  0.070  0.424
  
 0.000 -1.881 -0.054  0.971  0.000  0.323  0.000  0.000  0.976  0.000
-0.611 -1.192 -0.532  2.358 11.894 -0.549  1.165 10.933  0.990  0.598
  
-0.719 -0.818  0.312 -1.132  2.451 -0.708  0.413  0.093  0.091 -0.060
-1.571  4.596 -1.729  3.428  7.639 -6.208  0.312 -0.245  0.010  0.008
  
 0.137  0.102
 0.156  0.191
  
 alternative fit metric: 13.8451263217

 parameters: 
 -2.37179 -24.35605   0.16916   0.11540   0.30439  27.20040
  0.08854   5.31861   2.81634  15.02908 
  
 alternative moments: 
 0.395  0.034 -0.032 -0.054 -0.028 10.665  0.826  0.328  0.063  1.459
 0.220 -0.205 -0.287 -0.219  0.356 11.948 -0.117  0.062  0.070  0.424
  
 0.971  0.000  0.323  0.000  0.000  0.976  0.000 -0.719 -0.818  0.312
 2.358 11.894 -0.549  1.165 10.933  0.990  0.598 -1.571  4.596 -1.729
  
-1.132  2.451 -0.708  0.413  0.093  0.091 -0.060  0.137  0.102  0.792
 3.428  7.639 -6.208  0.312 -0.245  0.010  0.008  0.156  0.191  0.485
  
 0.112  0.031  0.016  0.009  0.022  0.016  0.000  0.000  0.000  0.000
 0.314  0.109  0.057  0.022  0.013  0.000  0.000  0.000  0.000  0.000
  
 original fit metric: 12.1318603602

 parameters: 
 -2.39539 -20.39805   0.14125   0.17697   0.28250  20.37191
  0.14001   6.74322   3.25035  15.78973 
  
 original moments: 
 0.395  0.034 -0.032 -0.054 -0.028 10.665  0.826  0.328  0.063  1.459
 0.262 -0.378 -0.042 -0.244  0.058 15.886  0.935  0.358 -0.020  0.608
  
 0.000 -1.881 -0.054  0.971  0.000  0.323  0.000  0.000  0.976  0.000
-0.325 -0.099 -0.154  1.877 18.989  0.910  2.639 12.968  0.998  0.683
  
-0.719 -0.818  0.312 -1.132  2.451 -0.708  0.413  0.093  0.091 -0.060
 0.761  0.182 -0.063  1.161 -3.399  0.936  0.397  0.123  0.075  0.000
  
 0.137  0.102
 0.251  0.086
  
 alternative fit metric: 13.7485530432

 parameters: 
 -2.39539 -20.39805   0.14125   0.17697   0.28250  20.37191
  0.14001   6.74322   3.25035  15.78973 
  
 alternative moments: 
 0.395  0.034 -0.032 -0.054 -0.028 10.665  0.826  0.328  0.063  1.459
 0.262 -0.378 -0.042 -0.244  0.058 15.886  0.935  0.358 -0.020  0.608
  
 0.971  0.000  0.323  0.000  0.000  0.976  0.000 -0.719 -0.818  0.312
 1.877 18.989  0.910  2.639 12.968  0.998  0.683  0.761  0.182 -0.063
  
-1.132  2.451 -0.708  0.413  0.093  0.091 -0.060  0.137  0.102  0.792
 1.161 -3.399  0.936  0.397  0.123  0.075  0.000  0.251  0.086  0.303
  
 0.112  0.031  0.016  0.009  0.022  0.016  0.000  0.000  0.000  0.000
 0.158  0.062  0.034  0.025  0.092  0.263  0.000  0.000  0.000  0.000
  
 original fit metric: 12.0232911537

 parameters: 
 -3.40418 -17.03498   0.13698   0.14801   0.18440  21.71663
  0.13624   9.10362   2.22454  12.55549 
  
 original moments: 
 0.395  0.034 -0.032 -0.054 -0.028 10.665  0.826  0.328  0.063  1.459
 0.269 -0.234 -0.045 -0.062 -0.038  9.225  1.055  0.621 -0.207  0.850
  
 0.000 -1.881 -0.054  0.971  0.000  0.323  0.000  0.000  0.976  0.000
-0.615  0.163 -0.532  1.944 11.060  0.468  1.385 11.285  0.980  0.944
  
-0.719 -0.818  0.312 -1.132  2.451 -0.708  0.413  0.093  0.091 -0.060
-0.357  1.233 -1.004  2.120 -14.196  4.698  0.253 -0.128  0.039 -0.006
  
 0.137  0.102
 0.292  0.125
  
 alternative fit metric: 13.9212262698

 parameters: 
 -3.40418 -17.03498   0.13698   0.14801   0.18440  21.71663
  0.13624   9.10362   2.22454  12.55549 
  
 alternative moments: 
 0.395  0.034 -0.032 -0.054 -0.028 10.665  0.826  0.328  0.063  1.459
 0.269 -0.234 -0.045 -0.062 -0.038  9.225  1.055  0.621 -0.207  0.850
  
 0.971  0.000  0.323  0.000  0.000  0.976  0.000 -0.719 -0.818  0.312
 1.944 11.060  0.468  1.385 11.285  0.980  0.944 -0.357  1.233 -1.004
  
-1.132  2.451 -0.708  0.413  0.093  0.091 -0.060  0.137  0.102  0.792
 2.120 -14.196  4.698  0.253 -0.128  0.039 -0.006  0.292  0.125  0.408
  
 0.112  0.031  0.016  0.009  0.022  0.016  0.000  0.000  0.000  0.000
 0.205  0.087  0.071  0.052  0.132  0.045  0.000  0.000  0.000  0.000
  
 original fit metric: 12.7074305724

 parameters: 
 -2.37179 -24.35605   0.11867   0.11540   0.30439  27.20040
  0.13774   7.11167   2.81634  15.02908 
  
 original moments: 
 0.395  0.034 -0.032 -0.054 -0.028 10.665  0.826  0.328  0.063  1.459
 0.271 -0.499 -0.344 -0.185  0.214 11.974  0.002  0.256  0.130  0.291
  
 0.000 -1.881 -0.054  0.971  0.000  0.323  0.000  0.000  0.976  0.000
-0.458 -0.778 -0.333  2.317 11.956 -0.108  1.124 11.999  0.987  0.659
  
-0.719 -0.818  0.312 -1.132  2.451 -0.708  0.413  0.093  0.091 -0.060
-1.473  2.039 -0.673  5.564 -2.368 -2.769  0.337 -0.208  0.020 -0.020
  
 0.137  0.102
 0.112  0.137
  
 alternative fit metric: 13.554785064

 parameters: 
 -2.37179 -24.35605   0.11867   0.11540   0.30439  27.20040
  0.13774   7.11167   2.81634  15.02908 
  
 alternative moments: 
 0.395  0.034 -0.032 -0.054 -0.028 10.665  0.826  0.328  0.063  1.459
 0.271 -0.499 -0.344 -0.185  0.214 11.974  0.002  0.256  0.130  0.291
  
 0.971  0.000  0.323  0.000  0.000  0.976  0.000 -0.719 -0.818  0.312
 2.317 11.956 -0.108  1.124 11.999  0.987  0.659 -1.473  2.039 -0.673
  
-1.132  2.451 -0.708  0.413  0.093  0.091 -0.060  0.137  0.102  0.792
 5.564 -2.368 -2.769  0.337 -0.208  0.020 -0.020  0.112  0.137  0.374
  
 0.112  0.031  0.016  0.009  0.022  0.016  0.000  0.000  0.000  0.000
 0.282  0.161  0.080  0.040  0.040  0.023  0.000  0.000  0.000  0.000
  
 original fit metric: 12.0476253014

 parameters: 
 -2.23925 -27.81495   0.13103   0.18165   0.25359  21.78335
  0.15102   8.59681   3.49849  15.02193 
  
 original moments: 
 0.395  0.034 -0.032 -0.054 -0.028 10.665  0.826  0.328  0.063  1.459
 0.256 -0.235 -0.018 -0.063 -0.053 12.985  0.951  0.661 -0.079  0.596
  
 0.000 -1.881 -0.054  0.971  0.000  0.323  0.000  0.000  0.976  0.000
-1.000  1.125 -0.771  1.991 14.462  0.698  1.280 14.785  0.982  1.123
  
-0.719 -0.818  0.312 -1.132  2.451 -0.708  0.413  0.093  0.091 -0.060
 0.357  2.138 -0.744 -7.371 -0.849  2.004  0.209 -0.119  0.053 -0.032
  
 0.137  0.102
 0.279  0.142
  
 alternative fit metric: 13.970057858

 parameters: 
 -2.23925 -27.81495   0.13103   0.18165   0.25359  21.78335
  0.15102   8.59681   3.49849  15.02193 
  
 alternative moments: 
 0.395  0.034 -0.032 -0.054 -0.028 10.665  0.826  0.328  0.063  1.459
 0.256 -0.235 -0.018 -0.063 -0.053 12.985  0.951  0.661 -0.079  0.596
  
 0.971  0.000  0.323  0.000  0.000  0.976  0.000 -0.719 -0.818  0.312
 1.991 14.462  0.698  1.280 14.785  0.982  1.123  0.357  2.138 -0.744
  
-1.132  2.451 -0.708  0.413  0.093  0.091 -0.060  0.137  0.102  0.792
-7.371 -0.849  2.004  0.209 -0.119  0.053 -0.032  0.279  0.142  0.342
  
 0.112  0.031  0.016  0.009  0.022  0.016  0.000  0.000  0.000  0.000
 0.232  0.134  0.071  0.033  0.081  0.107  0.000  0.000  0.000  0.000
  
 original fit metric: 12.0206479209

 parameters: 
 -3.85925 -20.91941   0.16638   0.11083   0.25933  22.35258
  0.11843   6.09672   2.82822  11.32815 
  
 original moments: 
 0.395  0.034 -0.032 -0.054 -0.028 10.665  0.826  0.328  0.063  1.459
 0.235 -0.392 -0.030 -0.239  0.025 10.992  0.967  0.495  0.005  0.638
  
 0.000 -1.881 -0.054  0.971  0.000  0.323  0.000  0.000  0.976  0.000
-0.036 -0.834 -0.061  2.029 13.140  0.792  1.654 12.148  0.990  0.702
  
-0.719 -0.818  0.312 -1.132  2.451 -0.708  0.413  0.093  0.091 -0.060
 0.120 -0.264 -0.134  4.433 -13.918  2.871  0.339  0.161  0.052 -0.002
  
 0.137  0.102
 0.284  0.187
  
 alternative fit metric: 13.3715699418

 parameters: 
 -3.85925 -20.91941   0.16638   0.11083   0.25933  22.35258
  0.11843   6.09672   2.82822  11.32815 
  
 alternative moments: 
 0.395  0.034 -0.032 -0.054 -0.028 10.665  0.826  0.328  0.063  1.459
 0.235 -0.392 -0.030 -0.239  0.025 10.992  0.967  0.495  0.005  0.638
  
 0.971  0.000  0.323  0.000  0.000  0.976  0.000 -0.719 -0.818  0.312
 2.029 13.140  0.792  1.654 12.148  0.990  0.702  0.120 -0.264 -0.134
  
-1.132  2.451 -0.708  0.413  0.093  0.091 -0.060  0.137  0.102  0.792
 4.433 -13.918  2.871  0.339  0.161  0.052 -0.002  0.284  0.187  0.328
  
 0.112  0.031  0.016  0.009  0.022  0.016  0.000  0.000  0.000  0.000
 0.163  0.091  0.075  0.061  0.174  0.091  0.000  0.000  0.000  0.000
  
 original fit metric: 12.2149993114

 parameters: 
 -3.72360 -16.57819   0.13350   0.11130   0.30617  15.56806
  0.09957   7.04076   2.56881  18.62754 
  
 original moments: 
 0.395  0.034 -0.032 -0.054 -0.028 10.665  0.826  0.328  0.063  1.459
 0.263 -0.380 -0.296  0.066 -0.015 15.471  0.664  0.499  0.004  0.481
  
 0.000 -1.881 -0.054  0.971  0.000  0.323  0.000  0.000  0.976  0.000
-0.324 -0.843 -0.382  1.471 15.994  1.105  0.852 11.567  0.991  1.019
  
-0.719 -0.818  0.312 -1.132  2.451 -0.708  0.413  0.093  0.091 -0.060
-1.163 -0.537  0.818  9.489 -4.028 -4.865  0.283 -0.159  0.013 -0.011
  
 0.137  0.102
 0.167  0.075
  
 alternative fit metric: 14.1152382848

 parameters: 
 -3.72360 -16.57819   0.13350   0.11130   0.30617  15.56806
  0.09957   7.04076   2.56881  18.62754 
  
 alternative moments: 
 0.395  0.034 -0.032 -0.054 -0.028 10.665  0.826  0.328  0.063  1.459
 0.263 -0.380 -0.296  0.066 -0.015 15.471  0.664  0.499  0.004  0.481
  
 0.971  0.000  0.323  0.000  0.000  0.976  0.000 -0.719 -0.818  0.312
 1.471 15.994  1.105  0.852 11.567  0.991  1.019 -1.163 -0.537  0.818
  
-1.132  2.451 -0.708  0.413  0.093  0.091 -0.060  0.137  0.102  0.792
 9.489 -4.028 -4.865  0.283 -0.159  0.013 -0.011  0.167  0.075  0.375
  
 0.112  0.031  0.016  0.009  0.022  0.016  0.000  0.000  0.000  0.000
 0.214  0.204  0.094  0.047  0.050  0.017  0.000  0.000  0.000  0.000
  
 original fit metric: 12.2132793859

 parameters: 
 -2.50975 -24.14289   0.13583   0.16961   0.31135  23.19963
  0.14126   8.46803   3.39084  17.27082 
  
 original moments: 
 0.395  0.034 -0.032 -0.054 -0.028 10.665  0.826  0.328  0.063  1.459
 0.260 -0.305 -0.025 -0.079 -0.048 15.891  0.968  0.734 -0.151  0.769
  
 0.000 -1.881 -0.054  0.971  0.000  0.323  0.000  0.000  0.976  0.000
-1.263  1.292 -0.797  2.061 16.239  0.991  1.214 14.590  0.988  0.923
  
-0.719 -0.818  0.312 -1.132  2.451 -0.708  0.413  0.093  0.091 -0.060
 0.226  2.617 -0.592 -12.690 10.511 -0.196  0.211 -0.129  0.048 -0.014
  
 0.137  0.102
 0.284  0.170
  
 alternative fit metric: 13.7321307527

 parameters: 
 -2.50975 -24.14289   0.13583   0.16961   0.31135  23.19963
  0.14126   8.46803   3.39084  17.27082 
  
 alternative moments: 
 0.395  0.034 -0.032 -0.054 -0.028 10.665  0.826  0.328  0.063  1.459
 0.260 -0.305 -0.025 -0.079 -0.048 15.891  0.968  0.734 -0.151  0.769
  
 0.971  0.000  0.323  0.000  0.000  0.976  0.000 -0.719 -0.818  0.312
 2.061 16.239  0.991  1.214 14.590  0.988  0.923  0.226  2.617 -0.592
  
-1.132  2.451 -0.708  0.413  0.093  0.091 -0.060  0.137  0.102  0.792
-12.690 10.511 -0.196  0.211 -0.129  0.048 -0.014  0.284  0.170  0.369
  
 0.112  0.031  0.016  0.009  0.022  0.016  0.000  0.000  0.000  0.000
 0.251  0.129  0.063  0.027  0.067  0.094  0.000  0.000  0.000  0.000
  
 original fit metric: 12.0190537303

 parameters: 
 -2.50975 -22.49269   0.13583   0.16961   0.22090  23.19963
  0.14126   9.29897   3.39084  17.27082 
  
 original moments: 
 0.395  0.034 -0.032 -0.054 -0.028 10.665  0.826  0.328  0.063  1.459
 0.264 -0.353 -0.026 -0.183  0.014 16.423  0.928  0.585 -0.149  0.690
  
 0.000 -1.881 -0.054  0.971  0.000  0.323  0.000  0.000  0.976  0.000
-1.496  1.904 -0.857  2.045 17.856  0.978  1.368 16.355  0.996  0.661
  
-0.719 -0.818  0.312 -1.132  2.451 -0.708  0.413  0.093  0.091 -0.060
-0.543 -0.511  0.033 -2.338  4.121  0.588  0.307  0.101  0.069  0.013
  
 0.137  0.102
 0.201  0.178
  
 alternative fit metric: 13.6243259567

 parameters: 
 -2.50975 -22.49269   0.13583   0.16961   0.22090  23.19963
  0.14126   9.29897   3.39084  17.27082 
  
 alternative moments: 
 0.395  0.034 -0.032 -0.054 -0.028 10.665  0.826  0.328  0.063  1.459
 0.264 -0.353 -0.026 -0.183  0.014 16.423  0.928  0.585 -0.149  0.690
  
 0.971  0.000  0.323  0.000  0.000  0.976  0.000 -0.719 -0.818  0.312
 2.045 17.856  0.978  1.368 16.355  0.996  0.661 -0.543 -0.511  0.033
  
-1.132  2.451 -0.708  0.413  0.093  0.091 -0.060  0.137  0.102  0.792
-2.338  4.121  0.588  0.307  0.101  0.069  0.013  0.201  0.178  0.227
  
 0.112  0.031  0.016  0.009  0.022  0.016  0.000  0.000  0.000  0.000
 0.172  0.152  0.135  0.087  0.109  0.117  0.000  0.000  0.000  0.000
  
 original fit metric: 12.2766400717

 parameters: 
 -2.50747 -22.94640   0.12440   0.15097   0.28671  24.14304
  0.15486   8.18500   3.39187  16.97953 
  
 original moments: 
 0.395  0.034 -0.032 -0.054 -0.028 10.665  0.826  0.328  0.063  1.459
 0.254 -0.308 -0.018 -0.176  0.017 16.199  0.930  0.607 -0.129  0.648
  
 0.000 -1.881 -0.054  0.971  0.000  0.323  0.000  0.000  0.976  0.000
-0.906  0.656 -0.499  2.142 17.288  0.977  1.207 15.973  0.987  1.081
  
-0.719 -0.818  0.312 -1.132  2.451 -0.708  0.413  0.093  0.091 -0.060
-0.521 -0.381  0.016 -4.019  6.583  0.396  0.262  0.118  0.058  0.024
  
 0.137  0.102
 0.231  0.408
  
 alternative fit metric: 14.1357895164

 parameters: 
 -2.50747 -22.94640   0.12440   0.15097   0.28671  24.14304
  0.15486   8.18500   3.39187  16.97953 
  
 alternative moments: 
 0.395  0.034 -0.032 -0.054 -0.028 10.665  0.826  0.328  0.063  1.459
 0.254 -0.308 -0.018 -0.176  0.017 16.199  0.930  0.607 -0.129  0.648
  
 0.971  0.000  0.323  0.000  0.000  0.976  0.000 -0.719 -0.818  0.312
 2.142 17.288  0.977  1.207 15.973  0.987  1.081 -0.521 -0.381  0.016
  
-1.132  2.451 -0.708  0.413  0.093  0.091 -0.060  0.137  0.102  0.792
-4.019  6.583  0.396  0.262  0.118  0.058  0.024  0.231  0.408  0.242
  
 0.112  0.031  0.016  0.009  0.022  0.016  0.000  0.000  0.000  0.000
 0.202  0.170  0.115  0.084  0.086  0.100  0.000  0.000  0.000  0.000
  
 original fit metric: 12.979592008

 parameters: 
 -3.74668 -17.03498   0.14410   0.14801   0.18440  21.04606
  0.13103   9.10362   2.92487  13.52120 
  
 original moments: 
 0.395  0.034 -0.032 -0.054 -0.028 10.665  0.826  0.328  0.063  1.459
 0.227 -0.277 -0.052 -0.232  0.116 15.903  0.887  0.205 -0.049  0.465
  
 0.000 -1.881 -0.054  0.971  0.000  0.323  0.000  0.000  0.976  0.000
-0.227 -0.684  0.054  1.972 15.469  0.975  3.501 14.671  0.994  1.156
  
-0.719 -0.818  0.312 -1.132  2.451 -0.708  0.413  0.093  0.091 -0.060
 2.655  0.904 -0.116 -2.176 -8.614  1.858  0.486  0.125  0.072 -0.016
  
 0.137  0.102
 0.234  0.264
  
 alternative fit metric: 14.2313548206

 parameters: 
 -3.74668 -17.03498   0.14410   0.14801   0.18440  21.04606
  0.13103   9.10362   2.92487  13.52120 
  
 alternative moments: 
 0.395  0.034 -0.032 -0.054 -0.028 10.665  0.826  0.328  0.063  1.459
 0.227 -0.277 -0.052 -0.232  0.116 15.903  0.887  0.205 -0.049  0.465
  
 0.971  0.000  0.323  0.000  0.000  0.976  0.000 -0.719 -0.818  0.312
 1.972 15.469  0.975  3.501 14.671  0.994  1.156  2.655  0.904 -0.116
  
-1.132  2.451 -0.708  0.413  0.093  0.091 -0.060  0.137  0.102  0.792
-2.176 -8.614  1.858  0.486  0.125  0.072 -0.016  0.234  0.264  0.248
  
 0.112  0.031  0.016  0.009  0.022  0.016  0.000  0.000  0.000  0.000
 0.192  0.141  0.084  0.048  0.059  0.098  0.000  0.000  0.000  0.000
  
 original fit metric: 12.0883832201

 parameters: 
 -4.07472 -13.88945   0.14784   0.10903   0.32401  17.25691
  0.11742   6.65849   2.45658  17.48145 
  
 original moments: 
 0.395  0.034 -0.032 -0.054 -0.028 10.665  0.826  0.328  0.063  1.459
 0.265 -0.240 -0.037 -0.061 -0.064 15.163  1.041  0.820  0.086  0.772
  
 0.000 -1.881 -0.054  0.971  0.000  0.323  0.000  0.000  0.976  0.000
-0.955  0.408 -0.494  1.617 15.414  0.853  1.387 11.794  0.995  0.645
  
-0.719 -0.818  0.312 -1.132  2.451 -0.708  0.413  0.093  0.091 -0.060
-0.062  2.144 -0.883 -3.083 -7.615  3.219  0.216 -0.090  0.034  0.003
  
 0.137  0.102
 0.324  0.130
  
 alternative fit metric: 13.5149131026

 parameters: 
 -4.07472 -13.88945   0.14784   0.10903   0.32401  17.25691
  0.11742   6.65849   2.45658  17.48145 
  
 alternative moments: 
 0.395  0.034 -0.032 -0.054 -0.028 10.665  0.826  0.328  0.063  1.459
 0.265 -0.240 -0.037 -0.061 -0.064 15.163  1.041  0.820  0.086  0.772
  
 0.971  0.000  0.323  0.000  0.000  0.976  0.000 -0.719 -0.818  0.312
 1.617 15.414  0.853  1.387 11.794  0.995  0.645 -0.062  2.144 -0.883
  
-1.132  2.451 -0.708  0.413  0.093  0.091 -0.060  0.137  0.102  0.792
-3.083 -7.615  3.219  0.216 -0.090  0.034  0.003  0.324  0.130  0.435
  
 0.112  0.031  0.016  0.009  0.022  0.016  0.000  0.000  0.000  0.000
 0.218  0.099  0.050  0.025  0.096  0.078  0.000  0.000  0.000  0.000
  
 original fit metric: 12.5432265173

 parameters: 
 -3.25340 -23.42416   0.21323   0.16768   0.18826  26.24982
  0.10620   8.18293   2.67031  14.88581 
  
 original moments: 
 0.395  0.034 -0.032 -0.054 -0.028 10.665  0.826  0.328  0.063  1.459
 0.249 -0.288 -0.129 -0.021 -0.023  9.794  1.373  1.290 -0.233  0.768
  
 0.000 -1.881 -0.054  0.971  0.000  0.323  0.000  0.000  0.976  0.000
-0.652 -0.466 -0.697  2.303 10.638  0.565  1.151  9.769  0.969  1.250
  
-0.719 -0.818  0.312 -1.132  2.451 -0.708  0.413  0.093  0.091 -0.060
-2.117 -1.405 -0.901  1.166 -9.294  7.152  0.480 -0.179  0.031 -0.024
  
 0.137  0.102
 0.075  0.028
  
 alternative fit metric: 14.6284786082

 parameters: 
 -3.25340 -23.42416   0.21323   0.16768   0.18826  26.24982
  0.10620   8.18293   2.67031  14.88581 
  
 alternative moments: 
 0.395  0.034 -0.032 -0.054 -0.028 10.665  0.826  0.328  0.063  1.459
 0.249 -0.288 -0.129 -0.021 -0.023  9.794  1.373  1.290 -0.233  0.768
  
 0.971  0.000  0.323  0.000  0.000  0.976  0.000 -0.719 -0.818  0.312
 2.303 10.638  0.565  1.151  9.769  0.969  1.250 -2.117 -1.405 -0.901
  
-1.132  2.451 -0.708  0.413  0.093  0.091 -0.060  0.137  0.102  0.792
 1.166 -9.294  7.152  0.480 -0.179  0.031 -0.024  0.075  0.028  0.458
  
 0.112  0.031  0.016  0.009  0.022  0.016  0.000  0.000  0.000  0.000
 0.275  0.153  0.053  0.008  0.053  0.000  0.000  0.000  0.000  0.000
  
 original fit metric: 12.0301646816

 parameters: 
 -3.23370 -15.44094   0.14332   0.15724   0.20746  19.48135
  0.12725   7.98730   2.11193  13.66564 
  
 original moments: 
 0.395  0.034 -0.032 -0.054 -0.028 10.665  0.826  0.328  0.063  1.459
 0.251 -0.349 -0.022 -0.185  0.021  9.197  1.069 -0.025 -0.272  0.747
  
 0.000 -1.881 -0.054  0.971  0.000  0.323  0.000  0.000  0.976  0.000
-0.164 -0.784 -0.380  1.794 11.887  0.561  0.822 10.231  0.991  0.700
  
-0.719 -0.818  0.312 -1.132  2.451 -0.708  0.413  0.093  0.091 -0.060
-0.802  0.075 -0.012 10.452 -12.597 -1.204  0.239 -0.173  0.022 -0.012
  
 0.137  0.102
 0.202  0.113
  
 alternative fit metric: 13.8988996174

 parameters: 
 -3.23370 -15.44094   0.14332   0.15724   0.20746  19.48135
  0.12725   7.98730   2.11193  13.66564 
  
 alternative moments: 
 0.395  0.034 -0.032 -0.054 -0.028 10.665  0.826  0.328  0.063  1.459
 0.251 -0.349 -0.022 -0.185  0.021  9.197  1.069 -0.025 -0.272  0.747
  
 0.971  0.000  0.323  0.000  0.000  0.976  0.000 -0.719 -0.818  0.312
 1.794 11.887  0.561  0.822 10.231  0.991  0.700 -0.802  0.075 -0.012
  
-1.132  2.451 -0.708  0.413  0.093  0.091 -0.060  0.137  0.102  0.792
10.452 -12.597 -1.204  0.239 -0.173  0.022 -0.012  0.202  0.113  0.353
  
 0.112  0.031  0.016  0.009  0.022  0.016  0.000  0.000  0.000  0.000
 0.216  0.162  0.109  0.053  0.087  0.021  0.000  0.000  0.000  0.000
  